1.000000e-01 1.977681e-01 7.080138e+08 4.016618e+12 1.228781e+01 1.243171e+01 
1.167742e-01 2.341689e-01 5.963599e+08 3.365506e+12 1.316629e+01 1.340192e+01 
1.363622e-01 2.752914e-01 5.058661e+08 2.829167e+12 1.403511e+01 1.437920e+01 
1.592358e-01 3.213546e-01 4.320985e+08 2.384157e+12 1.488587e+01 1.535601e+01 
1.859464e-01 3.733728e-01 3.707627e+08 2.009274e+12 1.572360e+01 1.633917e+01 
2.171374e-01 4.304545e-01 3.205896e+08 1.700057e+12 1.652350e+01 1.730047e+01 
2.535605e-01 4.934425e-01 2.787673e+08 1.710317e+12 1.729048e+01 1.816060e+01 
2.960933e-01 5.624486e-01 2.437638e+08 1.257991e+12 1.801908e+01 1.919324e+01 
3.457606e-01 6.377653e-01 2.142647e+08 1.231776e+12 1.870721e+01 2.007314e+01 
4.037592e-01 7.192855e-01 1.893526e+08 9.709593e+11 1.935047e+01 2.099872e+01 
4.714866e-01 8.075001e-01 1.681136e+08 7.029580e+11 1.995050e+01 2.176725e+01 
5.505748e-01 9.020599e-01 1.500090e+08 6.014660e+11 2.050392e+01 2.249726e+01 
6.429294e-01 1.003767e+00 1.343907e+08 5.178921e+11 2.101507e+01 2.326877e+01 
7.507757e-01 1.112746e+00 1.208698e+08 4.882313e+11 2.148419e+01 2.388229e+01 
8.767124e-01 1.228636e+00 1.091675e+08 4.218588e+11 2.191054e+01 2.450919e+01 
1.023774e+00 1.352341e+00 9.892982e+07 3.649317e+11 2.229849e+01 2.508946e+01 
1.195504e+00 1.483635e+00 8.997320e+07 3.161829e+11 2.264841e+01 2.561989e+01 
1.396040e+00 1.622956e+00 8.209360e+07 2.742621e+11 2.296293e+01 2.610144e+01 
1.630215e+00 1.770664e+00 7.513290e+07 2.381502e+11 2.324429e+01 2.653546e+01 
1.903671e+00 1.926946e+00 6.896768e+07 2.069831e+11 2.349436e+01 2.692093e+01 
2.222996e+00 2.092185e+00 6.348864e+07 1.800028e+11 2.371529e+01 2.725966e+01 
2.595887e+00 2.266766e+00 5.860505e+07 1.566842e+11 2.390911e+01 2.755251e+01 
3.031326e+00 2.450776e+00 5.424718e+07 1.364526e+11 2.407752e+01 2.780063e+01 
3.539807e+00 2.644971e+00 5.034263e+07 1.189001e+11 2.422272e+01 2.800565e+01 
4.133582e+00 2.849540e+00 4.684224e+07 1.036401e+11 2.434631e+01 2.816894e+01 
4.826957e+00 3.064960e+00 4.369904e+07 9.036660e+10 2.445004e+01 2.829204e+01 
5.636641e+00 3.291901e+00 4.086969e+07 7.880375e+10 2.453557e+01 2.837664e+01 
6.582144e+00 3.530143e+00 3.833212e+07 6.875995e+10 2.460433e+01 2.842415e+01 
7.686246e+00 3.780951e+00 3.604663e+07 5.999168e+10 2.465797e+01 2.843655e+01 
8.975553e+00 4.044686e+00 3.399188e+07 5.234430e+10 2.469786e+01 2.841546e+01 
1.048113e+01 4.321843e+00 3.214879e+07 4.567670e+10 2.472539e+01 2.836261e+01 
1.223926e+01 4.612817e+00 3.050194e+07 3.986251e+10 2.474190e+01 2.827957e+01 
1.429230e+01 4.918376e+00 2.903520e+07 1.743036e+10 2.474874e+01 2.859593e+01 
1.668972e+01 5.239319e+00 2.773909e+07 9.046819e+09 2.474725e+01 2.882437e+01 
1.948929e+01 5.576335e+00 2.660576e+07 5.582940e+09 2.473881e+01 2.890161e+01 
2.275846e+01 5.930060e+00 2.563228e+07 3.671440e+09 2.472483e+01 2.889584e+01 
2.657601e+01 6.301215e+00 2.481902e+07 2.496494e+09 2.470687e+01 2.882765e+01 
3.103393e+01 6.690621e+00 2.417177e+07 2.043669e+12 2.468666e+01 2.729267e+01 
3.623962e+01 7.099151e+00 2.370365e+07 1.785060e+12 2.466620e+01 2.706604e+01 
4.231853e+01 7.527653e+00 2.343918e+07 1.559130e+12 2.464797e+01 2.682165e+01 
4.941713e+01 7.976911e+00 2.342126e+07 6.041592e+08 2.463525e+01 2.807302e+01 
5.770647e+01 8.448320e+00 2.372630e+07 4.242225e+08 2.463257e+01 2.777470e+01 
6.738627e+01 8.942657e+00 2.449964e+07 1.038063e+12 2.464726e+01 2.599585e+01 
7.868979e+01 9.461053e+00 2.605501e+07 2.414579e+12 2.469254e+01 2.578190e+01 
9.188938e+01 1.000424e+01 2.926206e+07 1.966831e+12 2.479961e+01 2.546253e+01 
1.073031e+02 1.057381e+01 3.929053e+07 1.611155e+12 2.511919e+01 2.513317e+01 
1.253023e+02 1.117085e+01 4.568542e+07 1.326990e+12 2.518078e+01 2.479503e+01 
1.463208e+02 1.179672e+01 3.997607e+07 1.097582e+12 2.487466e+01 2.444913e+01 
1.708650e+02 1.245258e+01 3.497380e+07 9.113958e+11 2.455983e+01 2.409660e+01 
1.995262e+02 1.314021e+01 3.059250e+07 7.594087e+11 2.423722e+01 2.373824e+01 
